GPU Specifications for Device 0:
  Name: NVIDIA GeForce RTX 2070 SUPER
  Compute Capability: 7.5
  Total Global Memory: 7778 MB
  Shared Memory per Block: 48 KB
  Registers per Block: 65536
  Warp Size: 32
  Max Threads per Block: 1024
  Max Threads per SM: 1024
  Number of SMs: 40
Loaded image: ../assets/lokiandthor.png
  Width: 1024
  Height: 1024
  Channels: 3
Saved image: blurred_image.png
Filter Size    Grayscale Time      Blur Time           Blur + Grayscale Time    Fused Time     nonfuse-fuse time   (nonfuse-fuse)/non-fuse% 
----------------------------------------------------------------------------------------------------------------------------------
1              0.059904            0.028672            0.088576                 0.039264       -0.010592           -11.96%
3.00           0.059904            0.067520            0.127424                 0.081408       -0.013888           -10.90%
5.00           0.059904            0.149632            0.209536                 0.164768       -0.015136           -7.22 %
7.00           0.059904            0.278240            0.338144                 0.296960       -0.018720           -5.54 %
9.00           0.059904            0.448480            0.508384                 0.460800       -0.012320           -2.42 %
11.00          0.059904            0.659680            0.719584                 0.673728       -0.014048           -1.95 %
13.00          0.059904            0.918048            0.977952                 0.932160       -0.014112           -1.44 %
15.00          0.059904            1.215648            1.275552                 1.228288       -0.012640           -0.99 %
17.00          0.059904            1.558272            1.618176                 1.567808       -0.009536           -0.59 %
19.00          0.059904            1.932480            1.992384                 2.048928       -0.116448           -5.84 %
21.00          0.059904            2.797536            2.857440                 2.369984       0.427552            14.96 %
23.00          0.059904            3.316576            3.376480                 2.837632       0.478944            14.18 %
25.00          0.059904            3.336704            3.396608                 4.057248       -0.720544           -21.21%
27.00          0.059904            3.884576            3.944480                 3.893824       -0.009248           -0.23 %
29.00          0.059904            4.489568            4.549472                 4.490048       -0.000480           -0.01 %
31.00          0.059904            5.639168            5.699072                 5.402624       0.236544            4.15  %
33.00          0.059904            5.785792            5.845696                 6.343968       -0.558176           -9.55 %
35.00          0.059904            7.156192            7.216096                 6.529024       0.627168            8.69  %
37.00          0.059904            7.284768            7.344672                 8.827040       -1.542272           -21.00%
39.00          0.059904            8.351040            8.410944                 8.079360       0.271680            3.23  %
41.00          0.059904            9.394880            9.454784                 10.374528      -0.979648           -10.36%
43.00          0.059904            10.947520           11.007424                10.090496      0.857024            7.79  %
45.00          0.059904            10.735616           10.795520                11.236992      -0.501376           -4.64 %
47.00          0.059904            12.212000           12.271904                13.125792      -0.913792           -7.45 %
49.00          0.059904            13.889344           13.949248                13.924352      -0.035007           -0.25 %
51.00          0.059904            14.950304           15.010208                15.234720      -0.284416           -1.89 %
53.00          0.059904            16.084929           16.144833                16.329216      -0.244287           -1.51 %
55.00          0.059904            17.207808           17.267712                17.469856      -0.262049           -1.52 %
57.00          0.059904            18.436096           18.496000                18.678335      -0.242239           -1.31 %
59.00          0.059904            19.640545           19.700449                19.654655      -0.014111           -0.07 %
61.00          0.059904            21.256704           21.316608                21.241505      0.015200            0.07  %
63.00          0.059904            22.684065           22.743969                23.750656      -1.066591           -4.69 %
65.00          0.059904            23.617537           23.677441                23.916063      -0.298527           -1.26 %
67.00          0.059904            26.272545           26.332449                26.781120      -0.508575           -1.93 %
69.00          0.059904            27.181152           27.241056                27.128960      0.052193            0.19  %
71.00          0.059904            28.047359           28.107264                28.581984      -0.534624           -1.90 %
73.00          0.059904            32.587616           32.647518                31.158752      1.428864            4.38  %
75.00          0.059904            36.002590           36.062492                32.714817      3.287773            9.12  %
77.00          0.059904            34.613281           34.673183                34.646305      -0.033024           -0.10 %
79.00          0.059904            37.270016           37.329918                36.435135      0.834881            2.24  %
81.00          0.059904            38.018497           38.078400                38.271744      -0.253246           -0.67 %
Saved image: gray_image.png
Saved image: color_image.png
