Filter Size    Non-Fused Time           Fused Time     nonfused-fused time (nonfused-fused)/non-fused%
----------------------------------------------------------------------------------------------------------------------------------
0              0.083467                 0.057824       0.025643            0.31  %
1              0.174357                 0.107285       0.067072            0.38  %
2              0.213803                 0.236437       -0.022635           -0.11 %
3              0.363509                 0.409387       -0.045877           -0.13 %
4              0.570475                 0.558112       0.012363            0.02  %
5              0.858731                 0.811019       0.047712            0.06  %
6              1.169888                 1.114667       0.055221            0.05  %
7              1.550379                 1.510315       0.040064            0.03  %
8              1.736405                 1.604373       0.132032            0.08  %
9              2.151264                 2.105760       0.045504            0.02  %
10             2.714517                 2.814912       -0.100395           -0.04 %
11             3.128405                 3.014944       0.113461            0.04  %
12             3.776544                 3.533205       0.243339            0.06  %
13             4.109515                 4.216704       -0.107189           -0.03 %
14             5.065567                 4.944544       0.121024            0.02  %
15             5.584469                 5.691712       -0.107243           -0.02 %
16             6.044331                 6.462848       -0.418518           -0.07 %
17             7.280053                 7.690720       -0.410667           -0.06 %
18             8.278399                 7.676491       0.601909            0.07  %
19             8.819551                 8.572352       0.247199            0.03  %
20             10.098954                10.044703      0.054251            0.01  %
21             10.830017                10.592747      0.237270            0.02  %
22             11.993034                10.984075      1.008960            0.08  %
23             12.766433                11.920257      0.846176            0.07  %
24             13.797408                12.950485      0.846923            0.06  %
25             15.080991                14.023732      1.057259            0.07  %
26             15.731862                15.160779      0.571083            0.04  %
27             16.751648                16.323265      0.428383            0.03  %
28             18.105173                17.539988      0.565186            0.03  %
29             19.457876                18.793921      0.663956            0.03  %
30             20.544428                20.112703      0.431725            0.02  %
31             21.549368                21.452246      0.097122            0.00  %
32             22.961653                23.003916      -0.042263           -0.00 %
33             24.823029                24.374826      0.448202            0.02  %
34             25.826284                25.826164      0.000120            0.00  %
35             27.445953                27.344543      0.101410            0.00  %
36             29.494049                29.513441      -0.019392           -0.00 %
37             32.812672                32.600082      0.212589            0.01  %
38             34.610519                33.341877      1.268642            0.04  %
39             33.995605                34.007145      -0.011539           -0.00 %
40             35.823177                35.816067      0.007111            0.00  %
41             38.472416                37.599796      0.872620            0.02  %
42             40.147038                39.541309      0.605728            0.02  %
43             41.363415                41.397324      -0.033909           -0.00 %
44             43.960575                43.794357      0.166218            0.00  %
45             45.743191                45.733273      0.009918            0.00  %
46             47.868885                49.064709      -1.195824           -0.02 %
47             49.966419                49.991550      -0.025131           -0.00 %
48             52.142944                52.771198      -0.628254           -0.01 %
49             54.338070                54.326687      0.011383            0.00  %
50             57.123947                56.732758      0.391190            0.01  %
51             58.927753                58.902370      0.025383            0.00  %
52             61.621887                61.412823      0.209064            0.00  %
53             63.638611                64.697594      -1.058983           -0.02 %
54             66.258568                67.071777      -0.813210           -0.01 %
55             69.902664                68.613075      1.289589            0.02  %
56             71.404449                71.456841      -0.052391           -0.00 %
57             74.698006                73.868004      0.830002            0.01  %
58             76.754021                76.807434      -0.053413           -0.00 %
59             80.221970                79.229385      0.992584            0.01  %
60             82.297447                82.239105      0.058342            0.00  %
61             84.780647                86.711388      -1.930740           -0.02 %
62             88.047859                89.492615      -1.444756           -0.02 %
63             91.192627                92.940582      -1.747955           -0.02 %
64             94.759590                95.090729      -0.331139           -0.00 %
65             97.364784                97.206017      0.158768            0.00  %
66             100.789879               101.482666     -0.692787           -0.01 %
67             104.338989               104.564362     -0.225372           -0.00 %
68             107.239075               108.466103     -1.227028           -0.01 %
69             110.062279               111.372559     -1.310280           -0.01 %
70             113.703209               113.648155     0.055054            0.00  %
71             116.580200               116.470650     0.109550            0.00  %
72             121.356354               120.445129     0.911224            0.01  %
73             124.198906               123.373566     0.825340            0.01  %
74             127.334023               129.051361     -1.717339           -0.01 %
75             130.310303               129.890381     0.419922            0.00  %
76             136.466187               134.259476     2.206711            0.02  %
77             137.360611               138.626389     -1.265778           -0.01 %
78             142.622192               141.963333     0.658859            0.00  %
79             145.105347               145.225693     -0.120346           -0.00 %
80             148.993805               148.857498     0.136307            0.00  %
81             153.999878               153.392334     0.607544            0.00  %
82             156.965012               156.615646     0.349365            0.00  %
83             159.621399               172.916214     -13.294815          -0.08 %
84             177.144241               171.354248     5.789993            0.03  %
85             168.183914               168.285339     -0.101425           -0.00 %
86             172.764465               174.105774     -1.341309           -0.01 %
87             176.886719               180.687637     -3.800919           -0.02 %
88             188.638672               193.618576     -4.979904           -0.03 %
89             198.575363               197.840500     0.734863            0.00  %
90             202.244812               201.960068     0.284744            0.00  %
91             205.154678               205.162109     -0.007431           -0.00 %
92             211.482056               209.917236     1.564819            0.01  %
93             215.397034               213.546951     1.850082            0.01  %
94             220.467331               220.132431     0.334900            0.00  %
95             223.633469               222.168076     1.465393            0.01  %
96             218.143997               216.563034     1.580963            0.01  %
97             233.240036               226.090500     7.149536            0.03  %
98             239.661011               232.241882     7.419128            0.03  %
99             227.720413               227.342087     0.378326            0.00  %
100            241.559555               249.141098     -7.581543           -0.03 %